510.5683130871442 510.5683130871442 510.5683130871442 510.5683130871442 510.5683130871442 510.5683130871442 510.5683130871442 510.5683130871442 510.5683130871442 510.5683130871442 510.5683130871442 510.5683130871442 510.5683130871442 510.5683130871442 510.5683130871442 510.5683130871442 510.5683130871442 510.5683130871442 510.5683130871442 510.5683130871442 510.5683130871442 510.5683130871442 510.5683130871442 510.5683130871442 510.5683130871442 510.5683130871442 510.5683130871442 510.5683130871442 510.5683130871442 510.5683130871442 510.5683130871442 510.5683130871442 510.5683130871442 510.5683130871442 510.5683130871442 510.5683130871442 510.5683130871442 510.5683130871442 510.5683130871442 510.5683130871442 510.5683130871442 510.5683130871442 510.5683130871442 510.5683130871442 510.5683130871442 510.5683130871442 510.5683130871442 510.5683130871442 510.5683130871442 510.5683130871442 510.5683130871442 510.5683130871442 510.5683130871442 510.5683130871442 510.5683130871442 510.5683130871442 510.5683130871442 510.5683130871442 510.5683130871442 510.5683130871442 510.5683130871442 510.5683130871442 510.5683130871442 510.5683130871442 510.5683130871442 510.5683130871442 510.5683130871442 510.5683130871442 510.5683130871442 510.5683130871442 510.5683130871442 510.5683130871442 510.5683130871442 510.5683130871442 510.5683130871442 510.5683130871442 510.5683130871442 510.5683130871442 510.5683130871442 510.5683130871442 510.5683130871442 510.5683130871442 510.5683130871442 510.5683130871442 510.5683130871442 510.5683130871442 510.5683130871442 510.5683130871442 510.5683130871442 510.5683130871442 510.5683130871442 510.5683130871442 510.5683130871442 510.5683130871442 510.5683130871442 510.5683130871442 510.5683130871442 510.5683130871442 510.5683130871442 510.5683130871442 510.5683130871442 510.5683130871442 510.5683130871442 510.5683130871442 510.5683130871442 510.5683130871442 510.5683130871442 510.5683130871442 510.5683130871442 510.5683130871442 510.5683130871442 510.5683130871442 510.5683130871442 510.5683130871442 510.5683130871442 510.5683130871442 510.5683130871442 510.5683130871442 510.5683130871442 510.5683130871442 510.5683130871442 510.5683130871442 508.9703936149688 508.9703936149688 508.9703936149688 508.9703936149688 508.9703936149688 508.9703936149688 508.9703936149688 508.9703936149688 508.9703936149688 508.9703936149688 508.357348343923 508.357348343923 508.357348343923 508.357348343923 508.357348343923 508.357348343923 508.357348343923 508.357348343923 508.357348343923 508.357348343923 508.357348343923 508.357348343923 508.357348343923 508.357348343923 508.357348343923 508.357348343923 508.357348343923 508.357348343923 508.357348343923 508.357348343923 508.357348343923 508.357348343923 508.357348343923 508.357348343923 508.357348343923 508.357348343923 508.357348343923 508.357348343923 508.357348343923 508.357348343923 508.357348343923 508.357348343923 508.357348343923 508.357348343923 508.357348343923 508.357348343923 508.357348343923 508.357348343923 508.357348343923 508.357348343923 508.357348343923 508.357348343923 508.357348343923 508.357348343923 508.357348343923 508.357348343923 508.357348343923 501.35456714288847 501.35456714288847 501.35456714288847 501.35456714288847 501.35456714288847 501.35456714288847 501.35456714288847 501.35456714288847 501.35456714288847 501.35456714288847 501.35456714288847 501.35456714288847 501.35456714288847 501.35456714288847 501.35456714288847 501.35456714288847 501.35456714288847 501.35456714288847 501.35456714288847 501.35456714288847 501.35456714288847 501.35456714288847 501.35456714288847 500.4733752305943 500.4733752305943 500.4733752305943 500.4733752305943 500.4733752305943 500.4733752305943 500.4733752305943 500.4733752305943 500.4733752305943 500.4733752305943 500.4733752305943 500.4733752305943 500.4733752305943 500.4733752305943 500.4733752305943 500.4733752305943 500.4733752305943 500.4733752305943 500.4733752305943 500.4733752305943 500.4733752305943 500.4733752305943 500.4733752305943 500.4733752305943 500.4733752305943 500.4733752305943 500.4733752305943 500.4733752305943 500.4733752305943 500.4733752305943 500.4733752305943 500.4733752305943 500.4733752305943 500.4733752305943 500.4733752305943 500.4733752305943 500.4733752305943 500.4733752305943 500.4733752305943 500.4733752305943 500.4733752305943 500.4733752305943 500.4733752305943 500.4733752305943 500.4733752305943 500.4733752305943 500.4733752305943 500.4733752305943 500.4733752305943 500.4733752305943 500.4733752305943 500.4733752305943 500.4733752305943 500.4733752305943 500.4733752305943 500.4733752305943 500.4733752305943 500.4733752305943 500.4733752305943 500.4733752305943 500.4733752305943 500.4733752305943 500.4733752305943 500.4733752305943 500.4733752305943 500.4733752305943 500.4733752305943 500.4733752305943 500.4733752305943 500.4733752305943 500.4733752305943 500.4733752305943 500.4733752305943 500.4733752305943 500.4733752305943 500.4733752305943 500.4733752305943 500.4733752305943 500.4733752305943 
route:
0 11 7 17 85 84 83 70 71 72 73 74 
3 4 5 6 
9 10 12 
13 14 15 16 
1 8 
18 19 
20 35 21 22 
23 24 
25 26 27 28 29 
30 31 
32 34 33 2 
54 57 
36 37 96 97 55 56 
39 42 40 41 59 58 
43 114 
44 
45 46 
47 48 49 50 51 52 
53 38 
61 62 63 64 65 
66 67 68 69 
104 105 
75 76 
77 78 
79 80 81 
82 115 
60 108 106 107 
109 111 110 125 118 
119 122 86 87 
88 89 90 91 
92 93 94 
95 
98 99 
100 103 101 102 120 
112 113 131 116 
121 126 128 
123 130 129 
124 133 
127 137 135 
117 134 132 136 
