390.0812633271261 390.0812633271261 390.0812633271261 390.0812633271261 390.0812633271261 390.0812633271261 390.0812633271261 390.0812633271261 390.0812633271261 390.0812633271261 390.0812633271261 390.0812633271261 390.0812633271261 390.0812633271261 390.0812633271261 390.0812633271261 390.0812633271261 390.0812633271261 390.0812633271261 390.0812633271261 390.0812633271261 390.0812633271261 390.0812633271261 390.0812633271261 390.0812633271261 390.0812633271261 390.0812633271261 390.0812633271261 390.0812633271261 390.0812633271261 390.0812633271261 390.0812633271261 390.0812633271261 390.0812633271261 390.0812633271261 390.0812633271261 390.0812633271261 390.0812633271261 390.0812633271261 390.0812633271261 390.0812633271261 390.0812633271261 390.0812633271261 390.0812633271261 390.0812633271261 390.0812633271261 390.0812633271261 390.0812633271261 390.0812633271261 390.0812633271261 390.0812633271261 390.0812633271261 390.0812633271261 390.0812633271261 390.0812633271261 390.0812633271261 390.0812633271261 390.0812633271261 390.0812633271261 390.0812633271261 390.0812633271261 390.0812633271261 390.0812633271261 390.0812633271261 390.0812633271261 390.0812633271261 390.0812633271261 390.0812633271261 390.0812633271261 390.0812633271261 390.0812633271261 390.0812633271261 390.0812633271261 390.0812633271261 390.0812633271261 390.0812633271261 390.0812633271261 390.0812633271261 390.0812633271261 390.0812633271261 390.0812633271261 390.0812633271261 390.0812633271261 390.0812633271261 390.0812633271261 390.0812633271261 390.0812633271261 390.0812633271261 390.0812633271261 390.0812633271261 390.0812633271261 387.80966125409765 387.80966125409765 387.80966125409765 387.80966125409765 387.80966125409765 387.80966125409765 387.80966125409765 387.80966125409765 387.80966125409765 387.80966125409765 387.80966125409765 387.80966125409765 387.80966125409765 387.80966125409765 387.80966125409765 387.80966125409765 387.80966125409765 387.80966125409765 387.80966125409765 387.80966125409765 387.80966125409765 387.80966125409765 387.80966125409765 387.80966125409765 387.80966125409765 387.80966125409765 387.80966125409765 387.80966125409765 387.80966125409765 387.80966125409765 387.80966125409765 387.80966125409765 387.80966125409765 387.80966125409765 387.80966125409765 385.89079339246376 385.89079339246376 385.89079339246376 385.89079339246376 385.89079339246376 385.89079339246376 385.89079339246376 385.89079339246376 385.89079339246376 385.89079339246376 385.89079339246376 385.89079339246376 385.89079339246376 385.89079339246376 385.89079339246376 385.89079339246376 385.89079339246376 385.89079339246376 385.89079339246376 385.89079339246376 385.89079339246376 385.89079339246376 385.89079339246376 385.89079339246376 385.89079339246376 385.89079339246376 385.89079339246376 
route:
15 17 4 30 21 22 96 55 54 
5 6 7 8 9 10 11 12 13 
14 16 18 33 32 
20 19 
56 57 58 59 
23 25 26 27 28 29 31 24 
60 61 62 63 64 
65 66 67 68 69 104 2 
105 106 107 
34 35 36 37 
38 49 39 110 108 109 111 
40 41 42 
43 44 45 118 119 123 130 
46 47 48 
50 51 52 53 70 71 72 73 
74 75 76 
77 78 79 80 81 
82 114 115 
83 84 122 135 
85 86 87 88 89 
90 91 92 93 
94 95 120 121 126 128 97 3 0 
98 99 100 101 102 103 
112 113 116 117 
124 133 131 134 132 
125 137 127 
129 136 1 
