442.2416848777083 442.2416848777083 442.2416848777083 442.2416848777083 442.2416848777083 442.2416848777083 442.2416848777083 442.2416848777083 442.2416848777083 442.2416848777083 442.2416848777083 442.2416848777083 442.2416848777083 442.2416848777083 442.2416848777083 442.2416848777083 442.2416848777083 442.2416848777083 442.2416848777083 442.2416848777083 442.2416848777083 442.2416848777083 442.2416848777083 442.2416848777083 442.2416848777083 442.2416848777083 442.2416848777083 442.2416848777083 442.2416848777083 442.2416848777083 442.2416848777083 442.2416848777083 442.2416848777083 440.1872432633541 440.1872432633541 440.1872432633541 440.1872432633541 440.1872432633541 440.1872432633541 440.1872432633541 440.1872432633541 440.1872432633541 440.1872432633541 440.1872432633541 440.1872432633541 440.1872432633541 440.1872432633541 440.1872432633541 440.1872432633541 440.1872432633541 440.1872432633541 440.1872432633541 440.1872432633541 440.1872432633541 440.1872432633541 440.1872432633541 440.1872432633541 440.1872432633541 440.1872432633541 440.1872432633541 440.1872432633541 440.1872432633541 440.1872432633541 440.1872432633541 440.1872432633541 440.1872432633541 440.1872432633541 440.1872432633541 440.1872432633541 440.1872432633541 440.1872432633541 440.1872432633541 440.1872432633541 440.1872432633541 440.1872432633541 440.1872432633541 440.1872432633541 440.1872432633541 440.1872432633541 440.1872432633541 440.1872432633541 440.1872432633541 440.1872432633541 440.1872432633541 440.1872432633541 440.1872432633541 440.1872432633541 440.1872432633541 440.1872432633541 440.1872432633541 440.1872432633541 440.1872432633541 440.1872432633541 440.1872432633541 440.1872432633541 440.1872432633541 440.1872432633541 440.1872432633541 440.1872432633541 440.1872432633541 440.1872432633541 440.1872432633541 440.1872432633541 440.1872432633541 440.1872432633541 440.1872432633541 440.1872432633541 440.1872432633541 440.1872432633541 440.1872432633541 440.1872432633541 440.1872432633541 440.1872432633541 440.1872432633541 437.8067960237973 437.8067960237973 437.8067960237973 437.8067960237973 437.8067960237973 437.8067960237973 437.8067960237973 437.8067960237973 437.8067960237973 437.8067960237973 437.8067960237973 437.8067960237973 437.8067960237973 437.8067960237973 437.8067960237973 437.8067960237973 437.8067960237973 437.8067960237973 437.8067960237973 437.8067960237973 437.8067960237973 437.8067960237973 437.8067960237973 437.8067960237973 437.8067960237973 437.8067960237973 437.8067960237973 437.8067960237973 437.8067960237973 437.8067960237973 437.8067960237973 437.8067960237973 437.8067960237973 437.8067960237973 437.8067960237973 437.8067960237973 437.8067960237973 437.8067960237973 437.8067960237973 437.8067960237973 437.8067960237973 437.8067960237973 437.8067960237973 437.8067960237973 437.8067960237973 437.8067960237973 437.8067960237973 437.8067960237973 437.8067960237973 437.8067960237973 437.8067960237973 437.8067960237973 437.8067960237973 437.8067960237973 437.8067960237973 437.8067960237973 437.8067960237973 437.8067960237973 437.8067960237973 437.8067960237973 437.8067960237973 437.8067960237973 437.8067960237973 437.8067960237973 437.8067960237973 437.8067960237973 437.8067960237973 437.8067960237973 436.2088765173766 436.2088765173766 436.2088765173766 436.2088765173766 436.2088765173766 436.2088765173766 436.2088765173766 436.2088765173766 436.2088765173766 436.2088765173766 436.2088765173766 436.2088765173766 436.2088765173766 436.2088765173766 436.2088765173766 436.2088765173766 436.2088765173766 436.2088765173766 436.2088765173766 436.2088765173766 436.2088765173766 436.2088765173766 436.2088765173766 436.2088765173766 436.2088765173766 436.2088765173766 436.2088765173766 436.2088765173766 436.2088765173766 436.2088765173766 436.2088765173766 436.2088765173766 436.2088765173766 436.2088765173766 436.2088765173766 436.2088765173766 436.2088765173766 436.2088765173766 436.2088765173766 436.2088765173766 436.2088765173766 436.2088765173766 436.2088765173766 436.2088765173766 436.2088765173766 436.2088765173766 436.2088765173766 436.2088765173766 436.2088765173766 436.2088765173766 436.2088765173766 436.2088765173766 436.2088765173766 436.2088765173766 436.2088765173766 436.2088765173766 436.2088765173766 436.2088765173766 436.2088765173766 436.2088765173766 436.2088765173766 436.2088765173766 436.2088765173766 436.2088765173766 436.2088765173766 436.2088765173766 436.2088765173766 436.2088765173766 436.2088765173766 436.2088765173766 436.2088765173766 436.2088765173766 436.2088765173766 436.2088765173766 436.2088765173766 436.2088765173766 436.2088765173766 436.2088765173766 436.2088765173766 436.2088765173766 436.2088765173766 436.2088765173766 436.2088765173766 436.2088765173766 436.2088765173766 436.2088765173766 436.2088765173766 436.2088765173766 436.2088765173766 436.2088765173766 436.2088765173766 436.2088765173766 436.2088765173766 436.2088765173766 436.2088765173766 436.2088765173766 436.2088765173766 436.2088765173766 436.2088765173766 436.2088765173766 436.2088765173766 436.2088765173766 436.2088765173766 
route:
1 39 112 113 40 3 10 4 
5 6 7 8 
12 13 14 15 16 
17 18 19 20 21 
22 23 54 55 56 
24 25 57 58 
26 59 
27 28 29 30 31 32 33 
34 35 36 62 
37 60 61 
38 72 63 
0 11 9 
41 53 42 43 44 45 46 
47 48 
49 50 51 52 
70 71 2 
64 65 66 67 
68 69 118 119 
73 74 75 76 77 
78 79 81 82 80 
83 84 85 86 87 
88 89 
90 91 92 93 
94 95 120 
96 97 98 99 
100 101 102 
103 128 126 121 
107 106 108 109 110 
111 125 127 
105 104 122 
114 115 123 
116 117 132 136 
124 133 131 134 
129 130 135 137 
