/*********************************************
 * OPL 12.9.0.0 Data
 * Author: HP
 * Creation Date: 2020年4月11日 at 下午11:38:26
 *********************************************/
Num_of_product = 7;
Num_of_machines = 12;
Num_of_month = 6;
Num_of_days =24;
hours_in_a_day = 16;
Store_limination = 100;
Kind_of_machines = 5;
hold_cost = 0.5;

time = [ [0.5, 0.1, 0.2, 0.05, 0],
         [ 0.7, 0.2, 0, 0.03, 0], 
         [ 0.2, 0, 0.8, 0, 0.01], 
         [ 0, 0.3, 0, 0.07, 0], 
         [ 0.3, 0, 0, 0.1, 0.05], 
         [ 0.2, 0.6, 0, 0, 0.02],
         [ 0.5, 0, 0.6, 0.08, 0.04]];
         
         
profit = [10, 6, 8, 4, 11, 9, 3];
machine_numbers = [4, 2, 3, 1, 2];
market_limit = [[500, 600, 300, 200, 0, 500],
                  [1000, 500, 600, 300, 100, 500],
                  [300, 200, 0, 400, 500, 100],
                  [300, 0, 0, 500, 100, 300],
                  [800, 400, 500, 200, 1000, 1100],
                  [200, 300, 400, 0, 300, 500],
                  [100, 150, 100, 100, 0, 60]];
      